0.000100000000000000	1.66810000000000	1.58130000000000	1.11570000000000	1.68300000000000	2.14690000000000	2.11340000000000	1.34870000000000	1.33940000000000	2.23030000000000	1.61950000000000	1.33160000000000	1.69890000000000	1.34340000000000	1.79480000000000	1.79620000000000	1.87950000000000	1.31430000000000	2.20270000000000	1.05840000000000	1.21840000000000	1.93090000000000	1.68540000000000	1.40160000000000	1.77640000000000	1.31020000000000	2.24210000000000	1.31320000000000	1.56160000000000
0.000200000000000000	1.59280000000000	1.72180000000000	1.22670000000000	1.63430000000000	2.10280000000000	1.75720000000000	1.48610000000000	1.33510000000000	1.90890000000000	1.61050000000000	1.36480000000000	1.48240000000000	1.43260000000000	1.97330000000000	1.65800000000000	2.05100000000000	1.47890000000000	1.97280000000000	1.23250000000000	1.53420000000000	1.70030000000000	1.45030000000000	1.87110000000000	1.70630000000000	1.44310000000000	1.82820000000000	1.49760000000000	2.08380000000000
0.000400000000000000	1.84380000000000	1.66800000000000	1.31170000000000	1.35840000000000	1.85610000000000	1.74130000000000	1.45050000000000	1.28960000000000	1.81050000000000	1.65640000000000	1.36860000000000	1.46290000000000	1.48770000000000	1.58970000000000	1.73800000000000	1.87430000000000	1.61690000000000	1.93440000000000	1.41510000000000	1.47700000000000	1.43650000000000	1.64430000000000	1.78680000000000	1.68200000000000	1.45420000000000	1.83170000000000	1.61650000000000	1.76650000000000
0.000600000000000000	1.84270000000000	1.62460000000000	1.29350000000000	1.44910000000000	1.82840000000000	1.75330000000000	1.51480000000000	1.22500000000000	1.74670000000000	1.69000000000000	1.40790000000000	1.48420000000000	1.48780000000000	1.69180000000000	1.77090000000000	1.79040000000000	1.55160000000000	1.80250000000000	1.49560000000000	1.51190000000000	1.36330000000000	1.60190000000000	1.77460000000000	1.79860000000000	1.52650000000000	1.86140000000000	1.67530000000000	1.75240000000000
0.000800000000000000	1.75710000000000	1.58070000000000	1.33960000000000	1.48140000000000	1.76050000000000	1.67770000000000	1.47580000000000	1.25070000000000	1.65560000000000	1.76490000000000	1.45380000000000	1.46170000000000	1.52030000000000	1.77180000000000	1.72540000000000	1.75530000000000	1.54820000000000	1.69640000000000	1.47760000000000	1.58800000000000	1.45590000000000	1.52740000000000	1.78640000000000	1.81930000000000	1.56030000000000	1.90660000000000	1.80470000000000	1.65420000000000
0.00100000000000000	1.62450000000000	1.59110000000000	1.34250000000000	1.45790000000000	1.75730000000000	1.70250000000000	1.44480000000000	1.23210000000000	1.69760000000000	1.79730000000000	1.48450000000000	1.45160000000000	1.57680000000000	1.85710000000000	1.77280000000000	1.74260000000000	1.55370000000000	1.71750000000000	1.50110000000000	1.61890000000000	1.58170000000000	1.53730000000000	1.71850000000000	1.72630000000000	1.57430000000000	1.81900000000000	1.76950000000000	1.76080000000000
0.00200000000000000	1.60300000000000	1.53130000000000	1.24440000000000	1.45880000000000	1.63900000000000	1.59470000000000	1.36060000000000	1.32840000000000	1.69100000000000	1.74550000000000	1.52300000000000	1.47370000000000	1.56120000000000	1.83300000000000	1.78690000000000	1.65840000000000	1.63260000000000	1.72900000000000	1.51210000000000	1.57640000000000	1.67740000000000	1.52800000000000	1.62840000000000	1.68850000000000	1.63120000000000	1.72070000000000	1.72850000000000	1.73780000000000
0.00400000000000000	1.73400000000000	1.55610000000000	1.27560000000000	1.51010000000000	1.64180000000000	1.64000000000000	1.28140000000000	1.36080000000000	1.70770000000000	1.70220000000000	1.50430000000000	1.51350000000000	1.57940000000000	1.70710000000000	1.78900000000000	1.61680000000000	1.58240000000000	1.70130000000000	1.56260000000000	1.61520000000000	1.67830000000000	1.60870000000000	1.55140000000000	1.65680000000000	1.64900000000000	1.77390000000000	1.72680000000000	1.72320000000000
0.00600000000000000	1.75600000000000	1.59390000000000	1.29530000000000	1.52780000000000	1.62360000000000	1.64930000000000	1.27230000000000	1.33970000000000	1.67690000000000	1.70340000000000	1.49190000000000	1.57020000000000	1.60700000000000	1.71980000000000	1.78000000000000	1.61120000000000	1.60840000000000	1.68060000000000	1.56700000000000	1.65670000000000	1.68830000000000	1.58500000000000	1.57340000000000	1.66440000000000	1.62930000000000	1.78240000000000	1.71950000000000	1.74110000000000
0.00800000000000000	1.73140000000000	1.55860000000000	1.28810000000000	1.50040000000000	1.64160000000000	1.62980000000000	1.25850000000000	1.36080000000000	1.65130000000000	1.67140000000000	1.49660000000000	1.55170000000000	1.62410000000000	1.69740000000000	1.76650000000000	1.58660000000000	1.62430000000000	1.69150000000000	1.52890000000000	1.63230000000000	1.71480000000000	1.59900000000000	1.57780000000000	1.67590000000000	1.62810000000000	1.78730000000000	1.68630000000000	1.72650000000000
0.0100000000000000	1.73810000000000	1.55690000000000	1.29100000000000	1.49460000000000	1.64150000000000	1.65440000000000	1.26140000000000	1.36820000000000	1.65720000000000	1.64930000000000	1.49940000000000	1.56420000000000	1.64360000000000	1.74020000000000	1.73250000000000	1.58600000000000	1.63800000000000	1.68800000000000	1.53850000000000	1.61520000000000	1.70760000000000	1.60830000000000	1.56860000000000	1.67610000000000	1.63450000000000	1.82220000000000	1.68760000000000	1.72960000000000
0.0200000000000000	1.71650000000000	1.57080000000000	1.28320000000000	1.49320000000000	1.65520000000000	1.63390000000000	1.26840000000000	1.33630000000000	1.65050000000000	1.64270000000000	1.51270000000000	1.55440000000000	1.65830000000000	1.75570000000000	1.72010000000000	1.61180000000000	1.64110000000000	1.72120000000000	1.54230000000000	1.63220000000000	1.73530000000000	1.61170000000000	1.58410000000000	1.65960000000000	1.61630000000000	1.79150000000000	1.66270000000000	1.74330000000000
0.0400000000000000	1.69200000000000	1.57810000000000	1.29200000000000	1.45980000000000	1.65200000000000	1.65740000000000	1.26670000000000	1.31000000000000	1.66950000000000	1.61170000000000	1.51530000000000	1.54220000000000	1.66030000000000	1.72030000000000	1.68160000000000	1.61810000000000	1.64690000000000	1.72490000000000	1.56760000000000	1.62210000000000	1.73010000000000	1.61430000000000	1.58880000000000	1.66800000000000	1.61540000000000	1.79910000000000	1.65800000000000	1.74020000000000
0.0600000000000000	1.68470000000000	1.55980000000000	1.29190000000000	1.47900000000000	1.64560000000000	1.67020000000000	1.28050000000000	1.30040000000000	1.66480000000000	1.62630000000000	1.51990000000000	1.53830000000000	1.66560000000000	1.71140000000000	1.67230000000000	1.61270000000000	1.65110000000000	1.73440000000000	1.56140000000000	1.61920000000000	1.74080000000000	1.60450000000000	1.58730000000000	1.66120000000000	1.61630000000000	1.79290000000000	1.67040000000000	1.73400000000000
0.0800000000000000	1.68430000000000	1.55340000000000	1.29130000000000	1.46720000000000	1.65350000000000	1.66510000000000	1.28030000000000	1.29640000000000	1.66630000000000	1.63000000000000	1.51070000000000	1.53360000000000	1.65420000000000	1.69300000000000	1.66500000000000	1.61070000000000	1.63630000000000	1.72690000000000	1.55910000000000	1.61500000000000	1.74340000000000	1.60070000000000	1.58520000000000	1.65110000000000	1.61000000000000	1.79630000000000	1.66320000000000	1.73330000000000
0.100000000000000	1.66900000000000	1.55250000000000	1.28350000000000	1.46510000000000	1.65340000000000	1.65220000000000	1.28010000000000	1.29560000000000	1.66750000000000	1.63400000000000	1.50390000000000	1.52920000000000	1.64480000000000	1.67960000000000	1.67410000000000	1.60630000000000	1.63550000000000	1.71260000000000	1.55400000000000	1.59770000000000	1.74040000000000	1.60310000000000	1.57430000000000	1.64880000000000	1.60040000000000	1.77930000000000	1.65760000000000	1.72170000000000
0.200000000000000	1.64730000000000	1.54040000000000	1.28490000000000	1.44840000000000	1.63980000000000	1.62240000000000	1.28010000000000	1.29540000000000	1.63940000000000	1.61200000000000	1.47620000000000	1.50780000000000	1.62180000000000	1.64820000000000	1.65080000000000	1.57130000000000	1.61830000000000	1.67200000000000	1.54080000000000	1.56230000000000	1.69970000000000	1.57620000000000	1.57750000000000	1.61400000000000	1.56000000000000	1.74390000000000	1.63460000000000	1.65850000000000
0.300000000000000	1.60950000000000	1.51180000000000	1.27390000000000	1.42460000000000	1.61820000000000	1.58620000000000	1.27410000000000	1.28900000000000	1.61810000000000	1.57440000000000	1.45010000000000	1.48840000000000	1.60810000000000	1.61460000000000	1.62480000000000	1.53700000000000	1.58010000000000	1.64210000000000	1.51790000000000	1.51820000000000	1.66410000000000	1.55690000000000	1.55510000000000	1.59130000000000	1.52460000000000	1.71420000000000	1.60660000000000	1.62050000000000
0.400000000000000	1.57360000000000	1.48310000000000	1.26190000000000	1.39990000000000	1.59040000000000	1.55520000000000	1.26700000000000	1.27820000000000	1.58740000000000	1.53500000000000	1.42450000000000	1.46610000000000	1.58140000000000	1.57850000000000	1.59560000000000	1.50170000000000	1.54810000000000	1.61350000000000	1.48630000000000	1.48390000000000	1.63240000000000	1.53200000000000	1.53020000000000	1.55830000000000	1.49050000000000	1.67560000000000	1.57200000000000	1.58840000000000
0.500000000000000	1.53810000000000	1.45170000000000	1.24600000000000	1.37380000000000	1.55870000000000	1.51680000000000	1.25350000000000	1.26190000000000	1.55240000000000	1.49260000000000	1.39320000000000	1.43630000000000	1.55070000000000	1.53920000000000	1.55770000000000	1.46120000000000	1.51080000000000	1.57650000000000	1.45100000000000	1.44670000000000	1.59710000000000	1.49940000000000	1.50290000000000	1.52030000000000	1.45450000000000	1.62780000000000	1.53450000000000	1.55220000000000
0.600000000000000	1.49430000000000	1.41490000000000	1.22600000000000	1.34300000000000	1.52380000000000	1.47300000000000	1.23650000000000	1.24260000000000	1.51200000000000	1.44750000000000	1.35980000000000	1.40270000000000	1.50930000000000	1.49940000000000	1.51640000000000	1.42150000000000	1.47380000000000	1.53140000000000	1.41100000000000	1.41260000000000	1.54890000000000	1.46210000000000	1.47190000000000	1.48150000000000	1.41940000000000	1.57160000000000	1.49480000000000	1.51490000000000
0.700000000000000	1.45100000000000	1.37720000000000	1.21270000000000	1.32100000000000	1.48230000000000	1.42590000000000	1.22120000000000	1.23380000000000	1.46730000000000	1.40560000000000	1.32440000000000	1.36630000000000	1.46540000000000	1.45230000000000	1.47450000000000	1.37950000000000	1.43210000000000	1.48520000000000	1.37350000000000	1.37730000000000	1.50330000000000	1.41910000000000	1.43700000000000	1.43680000000000	1.38350000000000	1.51650000000000	1.45570000000000	1.47250000000000
0.800000000000000	1.41170000000000	1.35010000000000	1.20480000000000	1.30780000000000	1.44110000000000	1.39500000000000	1.21280000000000	1.22800000000000	1.42430000000000	1.37590000000000	1.31250000000000	1.34710000000000	1.42800000000000	1.41630000000000	1.43000000000000	1.35710000000000	1.40170000000000	1.45610000000000	1.35930000000000	1.34500000000000	1.45350000000000	1.39790000000000	1.40360000000000	1.41240000000000	1.35250000000000	1.46320000000000	1.41210000000000	1.43260000000000
0.900000000000000	1.39570000000000	1.33450000000000	1.19610000000000	1.29490000000000	1.41740000000000	1.37940000000000	1.20440000000000	1.21960000000000	1.40880000000000	1.36400000000000	1.30000000000000	1.33370000000000	1.41110000000000	1.39960000000000	1.41530000000000	1.34230000000000	1.38510000000000	1.43890000000000	1.34560000000000	1.33090000000000	1.43250000000000	1.38020000000000	1.38640000000000	1.39650000000000	1.33800000000000	1.44480000000000	1.39110000000000	1.41570000000000
1	1.37780000000000	1.31900000000000	1.18700000000000	1.27990000000000	1.39870000000000	1.36240000000000	1.19440000000000	1.21090000000000	1.39330000000000	1.35050000000000	1.28570000000000	1.31940000000000	1.39200000000000	1.38360000000000	1.39790000000000	1.32660000000000	1.36850000000000	1.41980000000000	1.33060000000000	1.31610000000000	1.41490000000000	1.36070000000000	1.36820000000000	1.37920000000000	1.32370000000000	1.42600000000000	1.37270000000000	1.39670000000000